723426
1246206
1568568
2286840
3025368
4614333
5396431
5645761
5711867
6730079
6783648
6984146
7034263
7103487
7330110
7435150
7520436
7855162
8205630
8466336
8721143
9105885
9572754
10261815
10580429
11222212
11411844
11592782
11849547
12166576
12619444
12981115
13793649
14267119
14604033
14882632
15387759
15642336
15703232
16872184
16967925
17473992
17785347
18622026
19140396
19200656
19335614
19618608
19822779
20126387
20238339
20553586
20855202
21099334
21182976
22019481
22328366
23557690
23799869
24300545
24571637
24660754
25217731
25341924
25522051
25995990
26251926
26378509
26440138
26730577
26807212
26879306
27734583
27849299
28066426
28354788
28706761
28836161
28893875
29389009
29520314
29640510
29727890
29832188
30224812
30437230
30708999
31459665
31771082
31815502
33637441
34184077
34280817
34527022
35033314
35096234
35290689
35391389
36820138
37266380
37968385
38736361
38998954
39109914
39651151
39899516
40189497
40303629
41242005
42258130
42845959
43160230
43195715
43284134
43755791
43808040
44042925
44306842
44390401
44466861
44735503
45096544
45519541
46558136
46748518
46958987
47623276
48257733
48315098
49817024
49915660
51647386
52210914
53846557
54278447
54644528
55249781
55664425
55908446
56052997
56440293
56516371
56606774
57288881
57797458
58144874
58223179
58538487
58851483
58957284
59496519
59587331
59697807
59938108
60000592
60134050
60229156
60416005
60654669
60818401
60967729
61043702
61118322
61429662
61538304
61650847
61834263
61889179
62267489
63301352
63540236
63671962
63855991
64391350
64430577
64872684
64953340
65051216
65152971
65247346
65363772
65719622
65865864
66134175
66437274
66509641
66635155
66926385
67141424
67207170
67311355
67839993
68042579
68509681
68572934
69114581
69627985
69846062
70316994
70512600
71064139
72701363
74052671
74209962
75136514
75284278
75478183
391267
737276
1184703
1410576
1661922
1954529
2283034
2644774
3382005
3460125
3514459
3772021
4314170
4480352
4887938
4982912
5113771
5374144
5429999
5668224
6196138
6267745
6367066
7081033
7586465
7948745
8187544
8257966
8311684
8565649
8926646
9257594
9392065
9488364
9798606
10019701
10611179
10809809
11398374
11789807
11873294
12159337
12215579
12273221
12387999
12471885
12588762
12747209
12863814
13249690
13421000
13507410
13798645
13854488
13957282
14021082
14201894
14537979
14797298
15032566
15100510
15196635
15298873
15486451
15580976
15661496
15972846
16168931
17611598
17683065
17789573
17903919
18312809
18719868
18974747
19115075
19181233
19448092
19656822
21535540
21643995
21815452
22629652
22863279
24396846
24768762
25547362
25871193
26009999
26549942
28572106
28917605
29775167
30096745
31682411
31751530
32868405
32981922
33048584
33477311
34137566
34354043
34606553
34710097
35341166
35488459
35659106
35895169
36271820
36639992
36917101
37427710
37658503
38118213
38304939
38459165
38795228
39457275
39508945
39678859
39846484
39934776
40137109
40630406
40920778
41022187
41250819
41328333
41565809
41673007
43076994
43238285
43542876
44087777
44452780
44818614
45005376
45532785
45608338
46901835
47705991
47859829
48370638
48501347
48574324
48706929
50143301
50301181
50679861
50803132
19359
385031
930354
1615832
1976016
2256296
2631420
2732840
2906069
3059986
3359699
3543199
3796879
3900272
4313103
4395670
4565413
4934037
5111832
5193559
5352051
5772211
5932638
6366141
6453918
6806766
7015134
7281742
7390692
7528462
7821834
8015829
8098500
8289613
8440082
8507057
8677681
8838335
8911596
9148196
9625259
9737336
9792022
10072675
10131849
10260545
10491536
11123314
11267038
11877827
11945887
12232819
12568486
12660436
12738109
13093871
13368787
13912161
14658617
14842051
14969938
15701467
15899744
17869046
18311459
19740258
22868538
22957231
23211755
23353493
23500778
23560600
23614492
24581941
24814393
24949940
25064145
25124917
25330877
25419238
25539621
25657440
25860109
26217731
26566127
26747230
27151666
27454158
27500156
27867054
28017570
28084955
28148001
28464716
28606631
29867923
30429408
30574443
30771975
31287027
31546918
31712077
31852862
32305435
32937413
33084469
33432590
34011533
35151265
35333825
35587529
35752423
35833729
36941214
37393368
37453566
37547054
37589540
37668358
37900403
38177080
38372408
38497257
38620263
38878998
39120810
39181817
40717870
41610795
42337032
42498518
42905760
42962070
43751133
44042735
44657207
45054989
45630375
45796509
46269907
46392648
46492890
47181341
47285010
47450794
47713085
47918961
48033619
48567108
49222451
49607833
49728841
49982935
50098876
22801
194908
365133
712038
1005367
1275361
3163285
3366825
3785157
4023629
4497368
4681695
5177052
5337212
5460565
5582396
5986317
6242820
6304741
6609110
6716627
6948048
7004155
7431722
8000209
9199159
9383692
9854925
9998593
10086982
10151287
10409661
10555853
10695926
10774490
11252344
11305913
11444142
11465385
11725065
11860471
12221870
12419064
13042266
14059347
14739714
14853723
15540461
16368018
16428237
16533386
16712000
16879262
18869183
18981838
19778665
20286915
20361819
20495258
20741021
20897409
21204013
21342348
22001457
23043549
23582688
23724871
24232831
24968897
25192033
25264873
25591958
26387874
26591660
26884434
27378991
27578839
27712097
27827461
28136998
28387266
29547808
30502982
30888242
30962317
31198417
31311829
31450376
31738799
31944371
32111203
32324039
32592774
32737000
32796262
33056732
33147251
33274297
33369925
33441027
33556564
33623088
34006739
34202402
34417244
34675879
34733188
35197365
35309502
35389762
35815129
36704990
36908111
37066424
37260192
37728253
37778068
37920701
38002987
38490681
38604065
38729823
38870582
39147487
39224933
39310015
39763486
39839181
40009752
40135288
40273354
40349123
40412958
40702360
40856532
40938484
41533233
41627378
42189719
42252913
43102255
43315981
43406890
43836700
44321350
44425802
44742744
44855362
44907498
45420975
46875634
127967
249429
580681
849731
1027402
1374720
1436321
1530065
2478187
2555624
2653237
2837822
3035116
3207201
3315379
4084738
4188062
4344680
4401855
4454062
4544824
4695633
4853818
5568699
5738477
5899612
6258412
6608824
7049136
7217443
7337630
7665705
7729700
7892212
8096705
8410392
8657486
8899809
9048087
9370973
9431461
9689342
10210598
10274021
10425213
10762145
10812248
11421756
12111010
12379912
12996696
13158963
13521001
14879366
15062248
15327198
16572395
17622603
18336799
19447840
19671237
20092947
20241543
20338938
20766188
20820377
20905014
21108234
21239236
21469407
21551712
21633748
21771520
22131599
22183166
22252058
22926647
23005256
23140988
23286550
23429043
23679754
24135398
24321101
24490200
24947405
25060638
25277672
26169135
26380049
26589902
26670776
26900841
26965051
27290370
27498704
27995296
28477672
28622541
28815606
29243997
29301472
29779004
29886346
29961675
30098642
30854010
30952032
31587119
31645255
32006005
32075571
32320386
32684366
33219945
33422866
33576273
33690142
33757601
33869502
34298898
34354137
34644594
34676312
34758677
35610874
35736014
35816577
35913349
36031339
36230135
36372839
36895396
36971292
37430927
37744787
37805454
38036245
38101318
38271860
38519013
38728235
39236516
39436840
39541444
39734366
39856861
40223873
40416983
40483618
40644666
41103611
41469383
41797664
41939554
42140538
42311173
42443761
42650204
42737366
43102909
43325506
43507492
43855134
43885986
44041135
44131678
44208656
44336511
44414894
44467681
44796162
45235706
45308087
45362792
45456410
45510595
45801080
381341
663422
1042143
1194759
1659001
1841509
1975363
2137065
2241732
2571627
2769554
3703977
3866991
4576832
4635632
5297051
5540292
5653510
5984222
6375660
7202242
7658858
7786216
9792676
10073707
10340701
10399674
10449805
10602517
11165874
13394799
13481692
13568911
13633065
13801356
14002439
14899061
15045250
15178072
15383114
15641356
15732639
15969274
16436862
16673445
16726906
16885723
16993476
17104883
17689039
17868118
18081797
18338866
18819112
19038578
19127557
19411245
19562858
19661172
20072101
20533094
21017097
21321327
21647729
21955036
22205187
22336983
22417667
22475669
22926422
23106745
23907561
24262793
24510473
24662627
24809587
25280269
25541182
25886103
26355139
26947754
27170665
27445443
28641540
29338454
29724090
29968951
30212521
30264033
30395123
30595147
30787712
31009427
31392762
31513754
31867963
32468932
32701170
32974309
33263633
33996861
34371283
34664309
34981651
35330771
35420733
35655258
35835951
36016637
36137106
36552979
37128182
37234162
37485707
37541649
37701248
38079340
38137651
38428242
38540734
38631987
38717980
38942211
39496602
39552487
40130385
40360828
40422541
40856531
41157786
41261852
41649401
41898809
44090306
44294357
44486362
44693666
24087
377355
645557
1587935
2096704
2317251
2382819
2518530
2694285
2751145
2812091
2946512
3516833
4231180
4308001
4572341
4811943
5522559
5736454
5825170
6251315
6334813
6536211
6612800
6709917
6771723
6921405
7081945
7271655
7407397
7641512
7915884
8060627
8391120
9012141
9107732
9212998
9302027
9545582
9894440
10383439
10773447
11946627
12170471
14479966
14712127
14938083
15716501
15839715
16237709
16421810
16828601
17048751
17840519
17904643
17962799
18464520
18655616
18708101
18824430
19504113
19720762
20242982
20345596
20396000
21045373
21346155
22040591
22341220
22505552
22956639
23086877
23210293
23437992
23952602
24788562
25306707
25777956
25889722
26047317
26454730
26962973
27065425
27315193
27854800
28823260
28909038
29204855
29399118
29642443
30011726
30451076
30516335
30633900
30814547
30911195
31006060
31320320
31431699
31946403
32260652
33189124
33573655
34178294
34232926
34313051
34504454
34821997
34930780
35004803
35077055
35303537
35388885
35569506
35811545
36012643
36075892
36230279
36333866
36491740
36569628
36970416
37592511
37933434
38404899
38454974
38573242
38690813
38768159
38886061
39124628
39211788
39607068
39866677
40214735
40321808
40434608
40687309
40778798
40848499
40921573
41294735
41404442
41541180
41691251
41904674
41972074
42289333
42404632
42505379
42544339
42857658
42945247
43059154
43158542
43441610
44287292
44783222
659
148935
331484
775401
1104610
1309555
1656932
1886753
1991517
2066120
2274136
2383396
3041161
3137601
3350234
3504088
3665287
3878799
4055158
4321580
4490071
4620611
4903858
5109988
5244649
5625630
6158971
6235777
6440684
6698536
6773034
7265445
7410502
7520948
7673549
7797646
8600276
9286327
9873509
10144090
10242288
10353382
10926743
11015640
11151796
11673704
11897235
12036171
12145673
12310201
12558360
12696843
12896093
14008846
14079234
14455387
14652470
14883905
15092213
15226859
15442590
15919587
16255392
16425539
16846557
17100361
17461698
17558612
18010002
18129924
18214053
18352987
18853836
19235609
19635965
20220255
20358718
20476558
20653188
21118053
21252426
21348674
21406649
22351218
22538328
23087986
23376820
24030244
24301538
24384745
24775439
24951780
25004496
25327147
25395238
25595300
25818974
25888980
26068202
26274421
26483990
26776247
27092711
27302018
27394460
27512954
27828266
28061703
28301478
28423037
28825322
28937757
29150923
29265255
29328924
29553385
29620635
29792641
30063156
30441351
30639318
32266851
32402844
33183000
34942611
35169768
35378303
35865075
36111983
36206053
36440161
36842011
37430445
37494559
37627122
38253600
38425507
39309677
39398173
39718282
39836571
39918217
40202290
40842900
41185803
43541974
43791433
44004040
44077767
44434755
44999669
139619
216523
448390
556784
685450
758634
1005796
1408632
1629073
2617220
3714748
3819871
4129201
4182913
4338940
4583370
4767483
4834756
5415059
5759539
7086512
7583998
8652537
8743110
8855598
8952135
9179765
9358361
9432966
10355200
10553743
10621830
10737476
10829225
11277654
11639970
11919397
12113658
12194953
12267358
12353525
12547705
12760430
12810790
13070173
13286467
13556405
13623993
13714308
13884313
14306067
14497904
14766025
14915004
15527915
15746631
17080945
17317532
17667300
17728955
20368287
21098605
21301157
22042563
22124921
22834721
22924241
23082449
23832038
24354123
24479589
24648595
24794387
25774324
26441586
26936781
27549433
27682885
27971511
28158666
28302672
28569159
28901172
29044638
29703926
30134450
30721222
31003063
31145535
31455085
31501997
31640713
31713450
31956489
32105619
32242475
32454618
32773192
32944785
33446624
34084392
34652836
34863728
35290617
35349381
35576220
35933085
36008031
36497476
36549918
36955707
37615282
37700790
37790359
37889841
38048431
38518181
38902763
40020440
40079099
40186880
40249996
40417738
40896886
41695302
41794359
41858022
41979574
42597960
42899734
43189270
43308216
43432214
43485599
43574142
43738990
43914580
44033950
44374632
44615597
1241341
1323465
1499671
1872532
2151143
2494503
2704508
3219485
3296027
3377222
3463978
3605423
3799043
4254905
4500033
4626139
4781003
5044633
5253542
5521198
5650028
5780122
5927663
6108479
6251960
6461344
6517504
6800971
6853485
7307111
8143618
8262443
8405421
8612073
8749563
8871497
9108987
9306803
9368921
10290586
10364270
10606076
11255430
11817428
12541679
12797065
12880305
12986087
13069562
13851356
13992059
14328907
14474842
14573695
14788662
14899781
15199486
15380805
15730444
16079430
16221466
16337577
16688805
16710110
16898328
17033545
17176793
17556592
17671405
17843965
18023622
18205237
18319495
18640109
18821870
18912498
19362211
19670543
19907587
20065776
20217034
20680643
21129047
21391464
21966044
22016294
22076604
22518899
22626118
23406921
23757610
23978860
24169686
24742311
24947422
25010054
25216141
25441917
25499366
25839739
25907777
26024237
26114864
26302027
26712721
26780179
26849411
26960059
27332888
27716001
27872140
28051967
28363952
28917962
29266081
29328294
29391450
29663101
29932282
30198228
30281603
30336295
30509658
31257375
31368165
31675486
31823226
32529188
32585400
32661227
33247812
33339383
33446802
33515378
33739481
33867454
33967584
34374597
34435680
34569555
34662259
34846944
35103746
35582606
36160978
36176119
36422972
36702466
37079042
37314932
37659591
37740178
37816364
37891787
38056603
38451067
38710107
38939282
39070984
39282058
39499738
39876858
40084392
40207884
40273469
40736026
41165836
41351696
41417737
41771682
41897685
42675639
42807038
42951483
43227448
43530649
43680018
43851689
44387823
44525693
260410
663581
775049
1286462
1515676
1784579
1945765
2014632
2411404
2680769
2923286
3024697
3210119
3500496
3687749
3871084
3901265
4196219
4523120
4731215
4788700
4906540
5199706
5684311
5894960
6156598
6211229
6725921
6803601
7228885
7363033
7422210
7499795
8134830
8449227
8626350
8851944
8918466
9266159
9693064
10076351
10330376
11263645
11579296
11979832
12321632
12862403
13115462
13859316
14098441
14198501
14252094
14428477
14561645
14618487
14863315
15048234
15414163
15858689
15948904
16515049
16736373
17161263
17284152
17527155
17887478
18045110
18182561
18327856
18525428
18608128
18742518
18837215
18971523
19138770
19470613
19586216
19736169
19940638
20087996
20410269
20558618
21398763
21517311
21664695
21710661
21858600
22146583
22253502
22441581
22522269
22677819
22823970
23548428
23874651
24119298
24345674
24537035
24777972
25422245
25508101
26147117
26321263
26441642
26586306
26764280
26810773
26897991
27526434
27581172
27698063
27753878
28257425
28468434
28879552
29025372
29108360
29264995
29780807
29995062
32423845
33200324
33280989
33413784
33572805
33719806
34016466
34138147
34192911
34462718
34622140
34686428
34876842
35374622
35532224
35586326
35749021
35805444
35999736
36181253
36241606
36905192
37034958
37636407
37836640
37919967
38085280
38409955
38546709
38607198
39160118
39232170
39360651
39442943
40688830
40823155
41031382
41081906
41180255
41445866
41617736
41752374
41890861
42172617
42669458
42783258
42847562
43146457
43378449
43472178
43770526
44036948
235504
872031
1738953
1799285
1929508
2096453
2640003
2747176
2850724
2935971
3055512
3170904
3252293
3334319
3478578
4651936
4735354
4925731
5081090
5258058
5706658
6224037
6327129
6408159
6537337
6614513
7202303
8815449
9362149
9502746
10335651
10719814
10847032
10923344
11054042
11976022
12049834
12101398
12175374
12289143
12299447
12375360
12454444
12537920
12620072
12861594
13038259
13278835
13467160
13817979
13992799
14043644
14119339
14310881
14378817
14897783
15067559
15142434
15197397
15357319
15469108
15815535
15955402
16554340
16648802
16874622
17069516
17363356
17643317
17784314
18065421
18398298
18478668
19978806
20462614
20558305
20634428
20951167
22176416
22293453
22797643
22991496
23236936
23490876
23639591
23807759
24123766
24201390
24290852
24543777
24629789
24741330
25618823
26187723
26359381
26573321
26675550
26839814
27006617
27230649
27369288
27879580
28508095
28696963
28843898
29412133
29871158
29990489
30235566
30372149
31374102
32379954
32720198
32850343
33040554
33113995
33437799
33767988
33883354
35158515
35713426
36401707
36643678
37032239
38484072
38668194
38826617
39191814
39378129
39543141
39648668
43210485
44055246
44544117
44989036
45251669
46053069
46338433
46545321
46663751
46795075
46902899
47468430
47678241
47812584
48587097
49050490
49230804
49540622
49601220
49720687
49792772
49997248
50167354
50382490
51332207
51740590
51958424
52055130
53396580
53770988
53809278
54140689
55334471
56105261
56730943
57135160
57570533
57936654
58001023
58064080
58280929
58452085
58590170
58688595
58949274
59071858
59204062
60065117
60130487
60427987
60510047
60765836
60821625
60903473
61973959
62235507
62414084
62543813
62638337
62874021
62963656
63177328
63417756
63474760
63570988
63900658
64113705
64401276
64859451
65056256
65189972
65330429
65383699
65534893
65586274
66067574
66212894
66497147
66635760
67918470
68086293
69233373
69337883
69449644
69489794
69713624
69809318
69985574
290439
505605
622744
968366
1054166
1167854
1281581
1531850
1923743
2865108
2968792
3261985
3329025
3384225
3621813
6875579
7194786
8076455
9558704
10796402
13356037
14406584
14507637
14748924
15124585
15186037
16597414
17734483
18184115
19013265
19320166
19778480
20361315
21684189
22038752
22385619
22431162
22570815
22693404
22877825
23173139
23231491
23308757
23727982
23988167
24466940
24635946
24868036
25252736
25588042
25851355
26113687
26190244
26621882
27036210
27105862
27342022
28065401
28132553
28382668
28759385
28815267
28898428
29282279
29358390
29512221
29528004
30273032
30415171
31093713
31294880
31705117
31934764
32075543
32134938
32517388
32735535
32998402
33752024
33831108
34339249
34790024
35128990
35181073
35397523
35746013
36419149
36548145
36601422
36692821
36756927
37058853
37134570
37268448
37566505
37713806
37798115
37860902
38179902
38199788
38346146
38510688
38584568
38658671
39198040
39402349
39627744
40136438
40533465
40602717
40656069
40727979
40998212
41077753
41847986
42000629
42089444
121214
482751
703579
870577
1428106
1566410
2023098
2073438
2697198
2816177
3251450
3339627
3496369
3579191
3718579
3845018
4256536
4376977
4853112
5142962
5172778
5249561
5749168
6175522
6355080
6578397
6877007
6946410
7334987
7425060
7821636
8877773
9109714
9178257
9249412
9877105
10091197
10360275
10681102
10883838
11105756
11785563
11993277
12059057
12759158
13037827
13191758
13745440
13931577
14186915
14381942
14545207
14638453
14698307
15118730
15198041
15301092
15370070
15646616
16252017
16692723
16772973
16914164
16962777
17288647
17515764
17655475
17818101
18113828
18307216
18382280
18605495
18726717
19586783
19646383
19841242
19904662
20367236
20606656
20811031
20909214
20995458
21082910
21610226
21776965
21885035
22054310
22244546
22358685
22436723
22691396
23105686
23474891
23764625
24092612
24150464
24305948
24385849
24910101
25936382
26120722
26312975
27077701
27180228
27991297
28194786
28288652
28433839
28613271
28678461
28732768
28893627
29461493
29675586
29942036
30025761
30276593
30545438
30690414
31125092
31550545
32082748
32215885
33177768
33692357
34315302
34515069
34710665
34766317
34915950
35118233
35716935
36540650
36937681
37075656
37215486
37678879
38415042
38618713
39338286
39716125
40087475
40231491
40641547
40862417
41125761
41236225
35823
185358
336862
1242574
1631635
1698740
2856913
3136719
3287420
3484942
4321064
6328080
7180260
7310588
7506371
7699090
8963818
9468585
9662601
10021946
10103060
10256965
10305718
10948670
11735404
12601889
13278781
13384983
13472747
13729611
14856617
15105174
16150912
16209108
16402237
17376682
17617646
17707881
18037164
18202003
18682412
18764663
18863661
19225710
20109113
20187721
20459139
21369054
21789928
21887583
21981490
22682796
23123319
23312457
24257246
24312060
24540650
24606710
25196281
25439475
25528978
25820040
26010333
26659297
26852740
27172492
27417696
27703642
27844747
28063576
28172980
28456117
28583992
28647066
28873032
29016195
29290803
29660786
29783060
30045773
30131865
30880337
31003050
31291148
31389590
31611129
32245021
32390751
32670251
32885865
33120639
33535316
33634604
33834728
34055136
34140383
34417239
34862670
34948867
35063974
35170032
35258067
35439997
35565447
35881675
36060796
36152956
36224889
36530739
36985704
37063001
37463627
37661031
37763324
37817795
38341892
39007133
39153396
39270171
39472136
39679905
39792939
39926100
40461034
417961
887744
975518
1256649
2004503
2090775
2216021
2621734
2687747
2793535
3126426
3232720
3605559
4589590
4806881
4862573
5066960
5540884
5602798
5672156
5767395
5830150
6116449
6236821
6321288
6526864
6625723
6728274
6824495
6875977
6987962
7144500
7235426
7288815
7417030
7487889
7707746
7876466
7983092
8067581
8268961
8443883
8619963
9021445
9204735
9840809
9920293
10056570
10184256
10259698
10339888
10513672
10946440
11122483
11226687
11440591
11669008
11830262
11901703
11978200
12380300
12453333
12525872
12695727
13014115
13314642
13743899
14372257
14432508
14534064
14625848
14959197
15223345
15977087
16032560
16175265
16708474
16878594
16983062
17037869
17360593
17461760
17517332
17715674
18028350
18199226
19173342
19351367
20280677
20473294
20709009
21145658
23491448
23918662
24131580
24677836
25196475
25746463
26033090
26241992
26380470
26430740
26494316
26588186
26674112
27464514
29016899
29060245
29301508
29358037
29458247
30214264
30529832
30874993
31074604
31439792
32351266
32546271
32645426
33084997
33396675
33467646
33700550
34934151
35162165
35526057
35593344
36310672
36761599
38013477
115029
167133
395318
514845
799021
965943
1267609
1427268
1674878
1900112
2011700
2177030
2213755
2305829
2517752
2749060
3045219
3363038
3478342
3596694
4049290
4446438
4548014
4713582
4976948
5175374
5412822
5492823
5568347
5709508
5786845
5914738
6055001
6180065
6347821
6402016
6702046
7260378
7422409
7686652
7850940
7999739
8181676
8246752
8582110
8748737
8814432
9073613
9374625
9839265
10646244
11161211
11226573
11282763
11423075
11485040
11639621
11716231
11836418
12561151
12790840
13170097
13271350
13295252
13494904
13621573
13873287
14021761
14878420
15008028
15385099
15505914
15840161
15999442
16580579
16821797
16963284
17049548
17127139
17220853
17393481
17539190
17623626
17714464
17785126
18815509
19829351
20088406
20592038
20731538
20864829
21719692
22625815
22847768
23218537
23426018
23616648
24261959
25932197
26365542
26754893
26894603
27062974
27811794
28016953
28350984
29059190
29376743
29444671
29505176
29835144
29890251
30113603
30262714
30374892
30714267
31015276
31193815
31243851
31388573
31528904
32207044
32362199
32657613
33338121
34097139
34407362
34585533
34642841
34920264
35131772
35221836
35833241
35929028
76860
1105080
1518179
1578791
1794431
2151040
2232553
2329233
2405759
2682301
2827272
2910635
2992955
3305406
4138066
4616832
4706419
4796734
5067387
5445504
6010612
6062044
6130350
6301171
6430717
6509588
6771713
6979219
7029617
7095220
7160272
7361985
7821846
7954696
8067021
8202593
8374879
8472353
8541693
8650581
9153281
9227556
9468078
9604882
9715204
9791217
9871841
10096819
10255657
10672194
10981728
11105349
11772847
11908978
11946401
12325366
12495150
12632243
12691859
12927214
12991512
13072865
13171191
13311284
13590178
14709130
14885687
15009354
15123971
15238232
15588082
16167424
16817199
16906954
17043993
17730153
17788122
17966304
18059966
18160125
18655899
18832753
19042276
19121920
19193085
19711875
19842910
19898323
20690873
20926954
21094219
21269021
21907906
22196798
22247887
22363661
22438332
22602208
23061162
23446845
24460776
24554744
24665275
24774381
24900009
24999102
25446911
25661993
26158097
26562482
26742405
26989359
27418030
27594685
27744827
27976407
28413656
28696269
29658261
29739653
30703433
31139744
31804637
31930349
32255610
32532389
1266944
1780199
1931942
2016364
2732880
4047515
5053043
5325290
5578770
5735144
5789392
5965382
6584900
6747470
8984096
9070588
9745369
9827481
9948883
10703710
11504480
11715984
11884442
13160191
13425323
13721650
13963764
15145615
15340742
15490815
16076293
16150114
16473538
16558527
16694935
16744869
17078567
17159611
17539700
17854659
18277751
18343001
18424381
18532143
18762118
19061245
19161962
19335939
19626766
19906709
20062604
20170664
20240047
20441834
20587176
20643547
21004316
21269499
21675894
22300005
22489093
22629515
22888594
23683685
23853713
23977218
24383230
24731662
24851553
25004676
25064151
25597149
26131345
26323380
26380309
26515141
26707138
26790560
27306967
27823500
28263378
28799199
28914718
29029928
29328564
29387686
29682879
30367666
30885034
31083450
31310506
31504579
31656215
31753035
31824038
32081840
32187541
32283555
32401392
32918426
33000561
33062690
33233502
33467773
33982305
34155286
34313599
34425829
34625224
34690606
34932503
35117207
35568699
35823424
36025476
36071609
36283402
36353341
36941150
37152670
37217152
37284340
37667828
38090489
38334165
38919914
39113418
39131317
39186635
39265829
39677632
39850584
40379397
40614085
40710069
40792671
40900498
41137737
41560329
41652950
41700763
42179269
42373958
42436155
42799205
42943083
43193712
43890364
44442106
44534559
44659733
44892552
44989377
45120907
45175118
45740272
46083655
46143424
46537138
46690114
47190592
47247030
47310231
47429112
47552715
47623628
47689991
47853924
48329976
48547806
48683378
49137569
49193969
49460638
49690969
49900959
50061322
50233537
50304859
50604985
50647515
50733342
50868406
50922041
51002033
51144970
51411372
51554808
52365092
52629807
52835441
53116718
53552347
53964790
54469426
54554058
54686995
54845133
55039661
55616999
55947225
57302012
58060462
59257566
59734310
60358304
61486086
62036864
62727825
63175963
63308278
63682205
64503569
64589170
64826550
65439538
65953246
66565158
170544
398139
660874
887532
1034424
1236558
1411476
1657997
1753849
1898869
2213958
3003842
3460695
3678092
3753647
3947125
4018414
4882907
5324701
5389768
5478147
5575015
5739912
6045606
6744947
6878036
7050715
7317311
7395214
7670220
8005560
8329680
8944696
9300284
9852055
10070028
10164571
10369858
10666136
10967781
11212393
11880403
12287262
13160375
13634965
13799540
14051838
14205194
14271709
14367287
14618480
14772935
14985781
15072090
15173898
15286788
15414261
15490919
15597116
15980656
16053494
16486174
16735065
16931805
17013368
17213222
17352423
17476692
17686419
17797257
17866321
18046180
18095316
18298873
18657979
18750417
18885172
19237899
19667249
19855151
20483768
20547123
20922794
20985339
21605746
21945724
22563732
22619173
22756270
22829412
23189739
23408401
23719902
24203555
24454404
24601069
25636505
25718159
26390610
26546967
26771529
27114780
27234721
27295143
27770993
29125314
29241282
29427370
29809024
29930182
30152093
30245496
30449822
30628762
31101813
31372957
32277393
32512668
32601888
33250844
33980959
34291852
34403064
34508857
34783024
34901331
35192631
35322227
35581830
36980038
37208033
37901736
37972941
38412797
38571696
39059490
39232015
39318769
39381101
39556229
39612776
39665448
39717158
39946306
40107559
40175046
40570053
40656538
40727617
41118751
42090948
42167576
42369195
42547541
42838422
43134866
43264003
43298326
44345513
44663298
46884791
47943704
48073197
49140654
49221587
49601679
49692369
49876395
50087297
50207679
50416541
51142935
51418265
51507597
51671747
51774374
51889475
51943204
52473888
53074892
53231660
53391466
53795112
54302436
54456824
54850106
54917316
55198001
55298521
55458754
55538518
55825057
56222301
56288433
57989715
58303946
58399047
58495253
58857089
58914339
59037918
59641202
60143881
60892750
60988079
61314492
61392132
61754611
62055421
62167631
62260722
62719136
62971427
63636442
159098
46118
222184
300475
356351
599534
777860
892825
2025680
2211006
2265494
2428329
2831143
2896727
2950612
3863651
3979934
4060057
4332088
4497579
5083030
5094629
5297759
5779830
5900036
5967089
6169156
6230763
6363122
6579714
6888578
7020039
7241903
8075725
8273256
8340916
8742723
8842722
8877423
8938749
9028169
9079364
9428112
9483812
9691830
9834074
9900051
10554826
10702009
10760000
10918140
11003478
11165823
11317871
11598271
11899368
11986148
12161261
12217469
12606361
12760999
12837391
13771494
13937535
14035127
14275235
14425519
14673455
14728467
15122852
15218696
15367055
15509248
15607483
15668651
15786899
15847678
15930692
16011556
16164902
16378097
16675142
17240271
17586628
17879497
17997899
18330210
18689772
18822132
19607646
19928498
20141628
20262704
20445139
20496368
21000207
21131247
21314015
21612319
21714636
22399174
23167778
23361965
23768771
24224494
24399404
24669209
24786423
24925706
24974101
25970815
26181199
26392752
28095237
28935134
29220272
29825372
30217402
30298226
32005459
32194279
32991845
33252124
33388137
33711151
33772455
34550760
37365893
37475904
37570953
39161630
40260904
40638106
41018066
41440754
41938959
42347573
42788920
42975017
43118881
43385774
43625684
44083792
45083173
45451780
46423833
46557572
46787093
46881003
47010827
47439814
47541306
47639471
48191484
48369086
48533131
48634836
49324754
49541513
49636381
49878645
49962262
50088027
50464498
51137761
51225009
51303641
51406942
51494083
51658778
51774572
51990422
52058664
52346995
53451510
53574320
53772641
53948412
54019353
54318891
54391162
54564572
54639256
55138755
55220379
56252032
56383803
56797310
57061501
57236407
57863645
69280
470459
572974
877691
985031
1171331
1422666
1703535
1978760
2077138
2669518
2874901
3046923
3127082
3652883
3804535
4466602
4827379
5040183
5109489
5187225
5553255
5652758
5770329
5820086
5886403
5994765
6488448
6558136
6944279
6967496
7034255
7324043
7411912
7639015
7810642
7916866
8160037
8171992
8324008
8561020
8907713
9206365
9492428
9715103
10057712
10175541
11017846
11174033
11416691
11508814
11672627
11862842
12182850
12472746
12826909
12935851
13128765
13161001
13246953
13459199
13593261
14026083
14135438
14230265
14309510
14470722
14563711
14622229
14839082
14937998
15026778
15167512
15520814
15591562
15666291
15767370
15954926
16190879
16494093
16534904
16598455
16701344
17157238
17219239
17343049
17488812
17583176
17681642
17757663
17807771
17960471
18043261
18327102
18417893
18635913
18816887
19167248
19235318
19441425
19552301
19917582
20160257
20434123
20519667
20912521
21688828
22347505
22718654
23070152
23355448
23602633
23937829
24662489
24861926
25363880
26486852
27079564
27310696
27482921
27743307
28067481
29991444
30955430
31354915
33096567
33332296
33567300
34158436
34405430
34836046
35233832
35859834
36687674
38953902
39105948
40189623
41073631
41571064
41845323
42959033
43077858
43270827
43410067
43658393
43732589
44052333
44679378
44877568
45194091
45658071
45814117
46283146
46466106
46561869
46855604
47910264
48166525
50378987
50863734
50922921
51228114
51424699
52294850
52882388
53110600
53426940
53505179
53884201
54246469
54704995
54998053
55277933
55593245
55718233
108736
511853
563815
786972
1004911
1013696
1713727
1894245
2085144
2228273
2534732
2625842
3204074
4126755
4715749
4930103
5032978
6296318
6426457
6503059
6591617
6928258
7149224
7228764
7304145
7439164
8244792
8739759
9025884
9231136
9460146
9673929
9940712
10481797
10566784
10668265
11036587
11213059
11309101
11480743
11736879
11917966
12038620
12116760
12339459
12446431
12832792
13016964
13091267
13156299
13216791
13527257
15001777
15077391
15817387
15933001
16561520
17030324
17106072
17569689
17636097
17759208
18018099
18388106
18906646
19489307
19736993
20992168
21337026
21413296
21547810
21609005
21674011
21859555
21933156
22303062
22542982
22637137
22715868
22863922
22951700
23113754
23503281
24284884
24345105
24396873
24527064
25111019
25507851
26275279
26441972
26602519
26756547
27356026
27496438
27552476
27718586
27871839
28362922
28432875
28698165
28762568
29219467
29329653
29448610
29747407
29819448
30742380
30853391
31243702
31315670
31675214
32221473
32280358
32478154
34285963
34477120
35140408
35402013
35575106
36522932
36726062
37188332
38044359
38171609
38803805
38934582
38950591
39056129
39740581
39976493
40601028
41131865
41233084
41448215
41696808
41864237
42058997
42447199
42816942
42979501
43176194
43408356
43611336
43896859
43985482
44190626
44641433
44863539
44989392
45602519
45667134
45949341
46085351
46170637
46550279
47460249
47633040
47834253
48074004
48282663
48579908
48837411
49083760
49231687
49461877
49530975
49619976
49841820
49913392
50389738
50607184
51108462
51124245
51413511
51425940
51489945
51730430
52686546
53455818
53853389
54270715
54368277
108369
483806
606839
736857
778032
977594
1057890
1377850
1792742
2235861
2608287
2687377
3346107
3982156
4088399
4145524
4359020
4532558
4802401
5235970
5477143
5784362
5874700
6061052
6156051
6322647
6655020
6738498
8059791
8196362
8329461
8438180
8505901
8663938
8722388
8970230
9064445
9214608
9527901
9929295
10029044
10355055
10531759
10692658
11182490
11304264
11348625
11473676
11526297
12341593
13811513
14365382
14607202
15068548
15259632
15367172
15606018
15796449
15813774
17148977
17202851
17727653
18571155
18989962
19517807
19578999
19649142
19940847
20067588
20191960
20373833
20477563
20561572
20677035
20853634
21288465
21635350
21729845
22291961
22494881
22725218
22824627
22920581
23073287
23358301
23830538
24012418
24177554
24283190
24355894
24454849
24752356
25346641
25469748
25595527
25702677
26256683
26446263
26606410
26825545
27109408
27268040
27507589
27647561
27772568
27857290
28188716
28538545
28598218
29382184
29613216
29688649
29785342
29954404
30146641
30349228
30462502
30671888
30750166
30917553
31140264
31349703
31428696
31504460
31793568
32128835
32395223
32445645
32554158
32884649
32978253
33378571
33562901
33872925
34108470
34691539
34772463
35210964
35880716
35936678
36080373
36181565
37092604
37329843
37841488
38594551
38833618
39532674
39657977
39774760
40553727
40953887
41443040
41692246
42331767
43292321
44400984
44662782
44742559
44876322
45105475
46067847
46721044
46825746
47931513
48046865
48220023
48790656
48875137
49023105
49154588
49534777
49821543
50221978
50664787
51059683
51265867
51604022
51990529
52630504
19695
563694
1399161
1593930
2220341
2683296
2892604
3010752
3107148
3360086
9200834
9288507
9396435
9482712
9593177
9673527
9744037
10327901
11001378
11696795
11904261
12016624
12430547
13032378
13241040
13377296
13472529
13653518
13715434
13766242
13822716
13915566
14168642
14371810
14541878
14662373
15139846
15544364
15760471
15880820
15944287
16247452
16945841
17241556
17575963
17717655
17903952
17972685
18160064
18775803
19073004
19174921
19497050
19650627
20136623
21022858
21376550
21542562
21738774
21978450
22129760
22297358
22481458
22532463
22738401
23053528
23689099
23804418
23862907
23913389
24433221
24548493
24762746
24908481
24962094
25152365
25700180
25832072
26006161
26313426
26388292
26555914
26842963
26903701
27021887
27097608
27341754
27521324
27918369
28127109
28174943
28470511
28762019
28912157
28966716
29196443
29316068
29435246
29891750
29997801
30095923
30150282
30333842
30412437
30614717
30648523
30731083
30982405
31098149
31256332
31604350
31762000
32048555
32277628
32343520
32429998
32822677
32913727
32980716
33389402
33439497
34042723
34217293
34319144
34403105
34471617
34527528
34663649
35154378
35213708
35298163
35834339
36242348
36366846
36728246
37211601
37789076
37871689
37961790
38261488
38432531
38522878
38800215
39129587
39453223
40398996
40597649
41546377
41702499
41838560
42283536
42462033
42635711
42796352
43433717
43567676
44022186
44586131
44937771
46561068
46676554
47106667
47541378
47682115
47800089
47862950
47996821
48367723
48445500
48655856
48789487
49361230
49604958
49660489
49826721
49938041
50090681
50210539
50365207
50516346
51038868
51141261
51213430
51319856
51547854
51840904
51918943
52037260
52435109
6367
